0000 4.928679541215762e-12 0.24145000016762086 1.0010589999504775 -0.49999908174670843 -0.5000009182467083 0.5000009183541568 0.4999990816490534
0001 4.928679541215762e-12 0.24145000016762086 1.0010589999504775 -0.49999908174670843 -0.5000009182467083 0.5000009183541568 0.4999990816490534
0002 4.928679541215762e-12 0.24145000016762086 1.0010589999504775 -0.49999908174670843 -0.5000009182467083 0.5000009183541568 0.4999990816490534
0003 4.928679541215762e-12 0.24145000016762086 1.0010589999504775 -0.49999908174670843 -0.5000009182467083 0.5000009183541568 0.4999990816490534
0004 4.928679541215762e-12 0.24145000016762086 1.0010589999504775 -0.49999908174670843 -0.5000009182467083 0.5000009183541568 0.4999990816490534
0005 4.928679541215762e-12 0.24145000016762086 1.0010589999504775 -0.49999908174670843 -0.5000009182467083 0.5000009183541568 0.4999990816490534
0006 4.928679541215762e-12 0.24145000016762086 1.0010589999504775 -0.49999908174670843 -0.5000009182467083 0.5000009183541568 0.4999990816490534
0007 4.928679541215762e-12 0.24145000016762086 1.0010589999504775 -0.49999908174670843 -0.5000009182467083 0.5000009183541568 0.4999990816490534
0008 4.928679541215762e-12 0.24145000016762086 1.0010589999504775 -0.49999908174670843 -0.5000009182467083 0.5000009183541568 0.4999990816490534
0009 4.928679541215762e-12 0.24145000016762086 1.0010589999504775 -0.49999908174670843 -0.5000009182467083 0.5000009183541568 0.4999990816490534
0010 4.928679541215762e-12 0.24145000016762086 1.0010589999504775 -0.49999908174670843 -0.5000009182467083 0.5000009183541568 0.4999990816490534
0011 4.928679541215762e-12 0.24145000016762086 1.0010589999504775 -0.49999908174670843 -0.5000009182467083 0.5000009183541568 0.4999990816490534
0012 4.928679541215762e-12 0.24145000016762086 1.0010589999504775 -0.49999908174670843 -0.5000009182467083 0.5000009183541568 0.4999990816490534
0013 4.928679541215762e-12 0.24145000016762086 1.0010589999504775 -0.49999908174670843 -0.5000009182467083 0.5000009183541568 0.4999990816490534
0014 4.928679541215762e-12 0.24145000016762086 1.0010589999504775 -0.49999908174670843 -0.5000009182467083 0.5000009183541568 0.4999990816490534
0015 4.928679541215762e-12 0.24145000016762086 1.0010589999504775 -0.49999908174670843 -0.5000009182467083 0.5000009183541568 0.4999990816490534
0016 4.928679541215762e-12 0.24145000016762086 1.0010589999504775 -0.49999908174670843 -0.5000009182467083 0.5000009183541568 0.4999990816490534
0017 4.928679541215762e-12 0.24145000016762086 1.0010589999504775 -0.49999908174670843 -0.5000009182467083 0.5000009183541568 0.4999990816490534
0018 4.928679541215762e-12 0.24145000016762086 1.0010589999504775 -0.49999908174670843 -0.5000009182467083 0.5000009183541568 0.4999990816490534
0019 4.928679541215762e-12 0.24145000016762086 1.0010589999504775 -0.49999908174670843 -0.5000009182467083 0.5000009183541568 0.4999990816490534
0020 4.928679541215762e-12 0.24145000016762086 1.0010589999504775 -0.49999908174670843 -0.5000009182467083 0.5000009183541568 0.4999990816490534
0021 4.928679541215762e-12 0.24145000016762086 1.0010589999504775 -0.49999908174670843 -0.5000009182467083 0.5000009183541568 0.4999990816490534
0022 4.928679541215762e-12 0.24145000016762086 1.0010589999504775 -0.49999908174670843 -0.5000009182467083 0.5000009183541568 0.4999990816490534
0023 4.928679541215762e-12 0.24145000016762086 1.0010589999504775 -0.49999908174670843 -0.5000009182467083 0.5000009183541568 0.4999990816490534
0024 4.928679541215762e-12 0.24145000016762086 1.0010589999504775 -0.49999908174670843 -0.5000009182467083 0.5000009183541568 0.4999990816490534
0025 4.928679541215762e-12 0.24145000016762086 1.0010589999504775 -0.49999908174670843 -0.5000009182467083 0.5000009183541568 0.4999990816490534
0026 4.928679541215762e-12 0.24145000016762086 1.0010589999504775 -0.49999908174670843 -0.5000009182467083 0.5000009183541568 0.4999990816490534
0027 4.928679541215762e-12 0.24145000016762086 1.0010589999504775 -0.49999908174670843 -0.5000009182467083 0.5000009183541568 0.4999990816490534
0028 4.928679541215762e-12 0.24145000016762086 1.0010589999504775 -0.49999908174670843 -0.5000009182467083 0.5000009183541568 0.4999990816490534
0029 4.928679541215762e-12 0.24145000016762086 1.0010589999504775 -0.49999908174670843 -0.5000009182467083 0.5000009183541568 0.4999990816490534
0030 4.928679541215762e-12 0.24145000016762086 1.0010589999504775 -0.49999908174670843 -0.5000009182467083 0.5000009183541568 0.4999990816490534
0031 4.928679541215762e-12 0.24145000016762086 1.0010589999504775 -0.49999908174670843 -0.5000009182467083 0.5000009183541568 0.4999990816490534
0032 4.928679541215762e-12 0.24145000016762086 1.0010589999504775 -0.49999908174670843 -0.5000009182467083 0.5000009183541568 0.4999990816490534
0033 4.928679541215762e-12 0.24145000016762086 1.0010589999504775 -0.49999908174670843 -0.5000009182467083 0.5000009183541568 0.4999990816490534
0034 4.928679541215762e-12 0.24145000016762086 1.0010589999504775 -0.49999908174670843 -0.5000009182467083 0.5000009183541568 0.4999990816490534
0035 4.928679541215762e-12 0.24145000016762086 1.0010589999504775 -0.49999908174670843 -0.5000009182467083 0.5000009183541568 0.4999990816490534
0036 4.928679541215762e-12 0.24145000016762086 1.0010589999504775 -0.49999908174670843 -0.5000009182467083 0.5000009183541568 0.4999990816490534
0037 4.928679541215762e-12 0.24145000016762086 1.0010589999504775 -0.49999908174670843 -0.5000009182467083 0.5000009183541568 0.4999990816490534
0038 4.928679541215762e-12 0.24145000016762086 1.0010589999504775 -0.49999908174670843 -0.5000009182467083 0.5000009183541568 0.4999990816490534
0039 4.928679541215762e-12 0.24145000016762086 1.0010589999504775 -0.49999908174670843 -0.5000009182467083 0.5000009183541568 0.4999990816490534
0040 4.928679541215762e-12 0.24145000016762086 1.0010589999504775 -0.49999908174670843 -0.5000009182467083 0.5000009183541568 0.4999990816490534
0041 4.928679541215762e-12 0.24145000016762086 1.0010589999504775 -0.49999908174670843 -0.5000009182467083 0.5000009183541568 0.4999990816490534
0042 4.928679541215762e-12 0.24145000016762086 1.0010589999504775 -0.49999908174670843 -0.5000009182467083 0.5000009183541568 0.4999990816490534
0043 4.928679541215762e-12 0.24145000016762086 1.0010589999504775 -0.49999908174670843 -0.5000009182467083 0.5000009183541568 0.4999990816490534
0044 4.928679541215762e-12 0.24145000016762086 1.0010589999504775 -0.49999908174670843 -0.5000009182467083 0.5000009183541568 0.4999990816490534
0045 4.928679541215762e-12 0.24145000016762086 1.0010589999504775 -0.49999908174670843 -0.5000009182467083 0.5000009183541568 0.4999990816490534
0046 4.928679541215762e-12 0.24145000016762086 1.0010589999504775 -0.49999908174670843 -0.5000009182467083 0.5000009183541568 0.4999990816490534
0047 4.928679541215762e-12 0.24145000016762086 1.0010589999504775 -0.49999908174670843 -0.5000009182467083 0.5000009183541568 0.4999990816490534
0048 4.928679541215762e-12 0.24145000016762086 1.0010589999504775 -0.49999908174670843 -0.5000009182467083 0.5000009183541568 0.4999990816490534
0049 4.928679541215762e-12 0.24145000016762086 1.0010589999504775 -0.49999908174670843 -0.5000009182467083 0.5000009183541568 0.4999990816490534
0050 4.928679541215762e-12 0.24145000016762086 1.0010589999504775 -0.49999908174670843 -0.5000009182467083 0.5000009183541568 0.4999990816490534
0051 4.928679541215762e-12 0.24145000016762086 1.0010589999504775 -0.49999908174670843 -0.5000009182467083 0.5000009183541568 0.4999990816490534
0052 4.928679541215762e-12 0.24145000016762086 1.0010589999504775 -0.49999908174670843 -0.5000009182467083 0.5000009183541568 0.4999990816490534
0053 4.928679541215762e-12 0.24145000016762086 1.0010589999504775 -0.49999908174670843 -0.5000009182467083 0.5000009183541568 0.4999990816490534
0054 4.928679541215762e-12 0.24145000016762086 1.0010589999504775 -0.49999908174670843 -0.5000009182467083 0.5000009183541568 0.4999990816490534
0055 4.928679541215762e-12 0.24145000016762086 1.0010589999504775 -0.49999908174670843 -0.5000009182467083 0.5000009183541568 0.4999990816490534
0056 4.928679541215762e-12 0.24145000016762086 1.0010589999504775 -0.49999908174670843 -0.5000009182467083 0.5000009183541568 0.4999990816490534
0057 4.928679541215762e-12 0.24145000016762086 1.0010589999504775 -0.49999908174670843 -0.5000009182467083 0.5000009183541568 0.4999990816490534
0058 4.928679541215762e-12 0.24145000016762086 1.0010589999504775 -0.49999908174670843 -0.5000009182467083 0.5000009183541568 0.4999990816490534
0059 4.928679541215762e-12 0.24145000016762086 1.0010589999504775 -0.49999908174670843 -0.5000009182467083 0.5000009183541568 0.4999990816490534
0060 4.928679541215762e-12 0.24145000016762086 1.0010589999504775 -0.49999908174670843 -0.5000009182467083 0.5000009183541568 0.4999990816490534
0061 4.928679541215762e-12 0.24145000016762086 1.0010589999504775 -0.49999908174670843 -0.5000009182467083 0.5000009183541568 0.4999990816490534
0062 4.928679541215762e-12 0.24145000016762086 1.0010589999504775 -0.49999908174670843 -0.5000009182467083 0.5000009183541568 0.4999990816490534
0063 4.928679541215762e-12 0.24145000016762086 1.0010589999504775 -0.49999908174670843 -0.5000009182467083 0.5000009183541568 0.4999990816490534
0064 4.928679541215762e-12 0.24145000016762086 1.0010589999504775 -0.49999908174670843 -0.5000009182467083 0.5000009183541568 0.4999990816490534
0065 4.928679541215762e-12 0.24145000016762086 1.0010589999504775 -0.49999908174670843 -0.5000009182467083 0.5000009183541568 0.4999990816490534
0066 4.928679541215762e-12 0.24145000016762086 1.0010589999504775 -0.49999908174670843 -0.5000009182467083 0.5000009183541568 0.4999990816490534
0067 4.928679541215762e-12 0.24145000016762086 1.0010589999504775 -0.49999908174670843 -0.5000009182467083 0.5000009183541568 0.4999990816490534
0068 4.928679541215762e-12 0.24145000016762086 1.0010589999504775 -0.49999908174670843 -0.5000009182467083 0.5000009183541568 0.4999990816490534
0069 4.928679541215762e-12 0.24145000016762086 1.0010589999504775 -0.49999908174670843 -0.5000009182467083 0.5000009183541568 0.4999990816490534
0070 4.928679541215762e-12 0.24145000016762086 1.0010589999504775 -0.49999908174670843 -0.5000009182467083 0.5000009183541568 0.4999990816490534
0071 4.928679541215762e-12 0.24145000016762086 1.0010589999504775 -0.49999908174670843 -0.5000009182467083 0.5000009183541568 0.4999990816490534
0072 4.928679541215762e-12 0.24145000016762086 1.0010589999504775 -0.49999908174670843 -0.5000009182467083 0.5000009183541568 0.4999990816490534
0073 4.928679541215762e-12 0.24145000016762086 1.0010589999504775 -0.49999908174670843 -0.5000009182467083 0.5000009183541568 0.4999990816490534
0074 4.928679541215762e-12 0.24145000016762086 1.0010589999504775 -0.49999908174670843 -0.5000009182467083 0.5000009183541568 0.4999990816490534
0075 4.928679541215762e-12 0.24145000016762086 1.0010589999504775 -0.49999908174670843 -0.5000009182467083 0.5000009183541568 0.4999990816490534
0076 4.928679541215762e-12 0.24145000016762086 1.0010589999504775 -0.49999908174670843 -0.5000009182467083 0.5000009183541568 0.4999990816490534
0077 4.928679541215762e-12 0.24145000016762086 1.0010589999504775 -0.49999908174670843 -0.5000009182467083 0.5000009183541568 0.4999990816490534
0078 4.928679541215762e-12 0.24145000016762086 1.0010589999504775 -0.49999908174670843 -0.5000009182467083 0.5000009183541568 0.4999990816490534
0079 4.928679541215762e-12 0.24145000016762086 1.0010589999504775 -0.49999908174670843 -0.5000009182467083 0.5000009183541568 0.4999990816490534
0080 4.928679541215762e-12 0.24145000016762086 1.0010589999504775 -0.49999908174670843 -0.5000009182467083 0.5000009183541568 0.4999990816490534
0081 4.928679541215762e-12 0.24145000016762086 1.0010589999504775 -0.49999908174670843 -0.5000009182467083 0.5000009183541568 0.4999990816490534
0082 4.928679541215762e-12 0.24145000016762086 1.0010589999504775 -0.49999908174670843 -0.5000009182467083 0.5000009183541568 0.4999990816490534
0083 4.928679541215762e-12 0.24145000016762086 1.0010589999504775 -0.49999908174670843 -0.5000009182467083 0.5000009183541568 0.4999990816490534
0084 4.928679541215762e-12 0.24145000016762086 1.0010589999504775 -0.49999908174670843 -0.5000009182467083 0.5000009183541568 0.4999990816490534
0085 4.928679541215762e-12 0.24145000016762086 1.0010589999504775 -0.49999908174670843 -0.5000009182467083 0.5000009183541568 0.4999990816490534
0086 4.928679541215762e-12 0.24145000016762086 1.0010589999504775 -0.49999908174670843 -0.5000009182467083 0.5000009183541568 0.4999990816490534
0087 0.177007380488469 0.2379224474137506 0.9795893399765798 -0.49994038290045617 -0.3719083669691091 0.5000596100890607 0.6014018344512195
0088 0.4146645189719945 0.22003743639675938 0.8734529369103621 -0.49985275120906975 -0.1461557655247412 0.5001472055085828 0.6918370416034084
0089 0.591653721035375 0.18906478533002558 0.7002963491020459 -0.49976514164113894 0.09678142660443019 0.5002347481149929 0.7004522506517865
0090 0.6870664897583945 0.1516096105524499 0.5086135735244753 -0.49968347372242156 0.31348241569103785 0.500316325989705 0.633820775211233
0091 0.716426159181756 0.11033240898184987 0.31906202174991766 -0.4996028253107603 0.4959099067678037 0.5003968593432758 0.5040569059842749
0092 0.7030112049926097 0.17637551823764994 0.3168879401750703 -0.5223669632678698 0.47388031124193314 0.5233655059511148 0.47818276159234985
0093 0.6778416302815437 0.2565672267378577 0.3161782102773464 -0.5490792236599338 0.44335396015057227 0.5501964582766176 0.44635538471455144
0094 0.6452010666422823 0.3301137636555145 0.3154990710491653 -0.572982792657117 0.4127177002878288 0.5740755852289201 0.41447803516235965
0095 0.6036448028500389 0.401041313452739 0.3148055176533177 -0.5956398302550778 0.38008647130678896 0.5965692631900839 0.3805950356482543
0096 0.5850104933863085 0.4277401707573659 0.3144114498710003 -0.6041321973648501 0.36690875822446173 0.6049089887189775 0.36672519222475713
0097 0.6664876601219687 0.28459286001261574 0.3144108526016149 -0.5585233093268419 0.43318585502014834 0.5593157978503781 0.43309071362019635
0098 0.7118434169550808 0.13593312598410476 0.3144102891412448 -0.5088510635835869 0.4905806364062103 0.5096491668996863 0.4905700367445875
0099 0.7238503778288642 -0.03520596699281751 0.31440966692416056 -0.447206297865831 0.5473626202362573 0.44800015468479565 0.547445477211782
0100 0.6987153912599341 -0.19234239984647594 0.31440908996336386 -0.3844066033759766 0.5931537571898146 0.3851867753075094 0.593322283199235
0101 0.7003069052577691 -0.228737310714134 0.3063117045435214 -0.37108831239092627 0.6015758157972056 0.37186461735538207 0.6017613385835917
0102 0.7573690381593631 -0.16124085959620146 0.27668380840396695 -0.40453057278512755 0.5796162644743343 0.4053161311478953 0.5797575661173016
0103 0.8033811801442904 -0.08440843556764893 0.24364382874349128 -0.4360551261526311 0.5562876287683892 0.43684731249075187 0.556385142329361
0104 0.8377493378619028 0.0022240087619150462 0.2066328540348431 -0.46656460440962755 0.5309590092344568 0.46736101261431195 0.5310119436632066
0105 0.8582452266760983 0.09670517783917511 0.16598906706922292 -0.4959285075534589 0.5036416539448622 0.4967266360740466 0.5036493312038091
0106 0.8281937214177764 0.21371022848610255 0.16241566673898217 -0.5238353334715664 0.4745489188974786 0.5363207609789841 0.46125904687376124
0107 0.7432983012134902 0.37841359567526567 0.16480519920951137 -0.5626728377678815 0.4277852537336256 0.5912105876570976 0.38841871140361683
0108 0.6143581465127665 0.5256081271814012 0.16660841475155314 -0.599984752480095 0.3736588705146962 0.6394879420220952 0.30241117255390193
0109 0.44242422568348067 0.6397466387442279 0.1675705687497079 -0.634623498290824 0.31122098193582715 0.6778155829105776 0.20238713245562304
0110 0.3126101100512083 0.6872607936457151 0.16758950619126534 -0.6547161643479092 0.26637334738331053 0.6952003535727558 0.13072280725905053
0111 0.5471730373969197 0.5200866783460463 0.16758832907424992 -0.591843333216718 0.3864317505019011 0.6575146494594288 0.2608954903351257
0112 0.715398575066118 0.24096793741482958 0.16758812824756963 -0.49447114061005626 0.5050805105598103 0.5857041257914077 0.3966643996974697
0113 0.7485138694462086 -0.09776799582983649 0.16758791799049394 -0.36787110086872793 0.6035552058115508 0.4812123645634172 0.518484934086509
0114 0.6273627176042073 -0.4197835356836172 0.16758770502311654 -0.22063581324288084 0.6715116332051264 0.3504000409063832 0.6145012414288853
0115 0.49573210622437003 -0.5692406851582357 0.16758758229585818 -0.13011539629510854 0.6947503296761545 0.26627756849742346 0.6553535073355004
0116 0.49548300977279897 -0.5694574943199489 0.16758758209284458 -0.12996340939662765 0.6947787771357664 0.26613421476920757 0.6554117353152222
0117 0.49548299079368036 -0.5694575108317462 0.16758758209282992 -0.12996339781843316 0.6947787793015517 0.2661342038484141 0.6554117397496815
0118 0.49548299079223723 -0.5694575108330018 0.16758758209282992 -0.12996339781755292 0.6947787793017164 0.26613420384758363 0.6554117397500187
0119 0.49548299079223723 -0.5694575108330018 0.16758758209282992 -0.12996339781755292 0.6947787793017164 0.26613420384758363 0.6554117397500187
0120 0.49548299079223723 -0.5694575108330018 0.16758758209282992 -0.12996339781755292 0.6947787793017164 0.26613420384758363 0.6554117397500187
0121 0.49548299079223723 -0.5694575108330018 0.16758758209282992 -0.12996339781755292 0.6947787793017164 0.26613420384758363 0.6554117397500187
0122 0.49548299079223723 -0.5694575108330018 0.16758758209282992 -0.12996339781755292 0.6947787793017164 0.26613420384758363 0.6554117397500187
0123 0.49548299079223723 -0.5694575108330018 0.16758758209282992 -0.12996339781755292 0.6947787793017164 0.26613420384758363 0.6554117397500187
0124 0.49548299079223723 -0.5694575108330018 0.16758758209282992 -0.12996339781755292 0.6947787793017164 0.26613420384758363 0.6554117397500187
0125 0.49548299079223723 -0.5694575108330018 0.16758758209282992 -0.12996339781755292 0.6947787793017164 0.26613420384758363 0.6554117397500187
0126 0.49548299079223723 -0.5694575108330018 0.16758758209282992 -0.12996339781755292 0.6947787793017164 0.26613420384758363 0.6554117397500187
0127 0.49548299079223723 -0.5694575108330018 0.16758758209282992 -0.12996339781755292 0.6947787793017164 0.26613420384758363 0.6554117397500187
0128 0.49548299079223723 -0.5694575108330018 0.16758758209282992 -0.12996339781755292 0.6947787793017164 0.26613420384758363 0.6554117397500187
0129 0.49548299079223723 -0.5694575108330018 0.16758758209282992 -0.12996339781755292 0.6947787793017164 0.26613420384758363 0.6554117397500187
